      0/49    0.549G   0.06666  0.008215   0.02073    0.0956        18       640   0.01506    0.2219  0.006526  0.001077   0.09355  0.004803    0.0144
      1/49     2.51G   0.06631  0.005558   0.01316   0.08503        16       640  0.001361    0.1633 0.0003302 5.295e-05     0.103   0.02518   0.07313
      2/49      3.4G   0.05929  0.005687   0.01159   0.07656        15       640    0.0594   0.05153   0.01592  0.003341   0.08672  0.006262   0.03919
      3/49      3.4G   0.05696  0.005921   0.01038   0.07326        15       640    0.1881    0.1442   0.04626   0.01213   0.08582  0.006143   0.02158
      4/49      3.4G   0.05281  0.006502  0.007869   0.06718        31       640    0.2403    0.1539   0.09253   0.02951    0.0822  0.006531   0.02093
      5/49      3.4G   0.05569  0.006746  0.007969    0.0704        13       640    0.2975    0.1954    0.1232   0.03149   0.08061  0.006709   0.01484
      6/49    0.566G   0.05039  0.006964  0.007198   0.06455        18       640    0.4005    0.1442    0.1268   0.03705   0.07926  0.006546   0.01266
      7/49     2.51G   0.04965  0.006987  0.006513   0.06315        16       640    0.3954    0.2014    0.1688   0.05167    0.0816  0.005958   0.01237
      8/49     2.97G   0.04754  0.006695  0.006387   0.06062        15       640    0.2597    0.1582     0.132   0.04143    0.0814  0.006078   0.01698
      9/49     2.97G   0.04959   0.00681  0.006383   0.06278        15       640    0.3932    0.2223    0.1881   0.05982   0.07716  0.006371   0.01305
     10/49     2.97G   0.04907  0.006925  0.006211   0.06221        31       640    0.3647    0.2217     0.204   0.07189   0.07342  0.006449  0.009813
     11/49     2.97G   0.05102  0.006833  0.006667   0.06452        13       640    0.4437    0.2151     0.238    0.0783   0.07857  0.005875  0.009147
     12/49     2.97G   0.04929  0.006829  0.006167   0.06229        22       640     0.373    0.2845    0.2657   0.08838   0.07512  0.006246  0.008674
     13/49     2.97G    0.0483  0.006749  0.005541   0.06059        24       640    0.3473    0.3033    0.2614   0.08848   0.07578  0.006088  0.008356
     14/49     2.97G   0.04807  0.006831   0.00554   0.06045        22       640    0.3975    0.2933    0.2592   0.08603   0.07292  0.006535  0.008562
     15/49     2.97G   0.04918  0.006996  0.005836   0.06201        14       640    0.2931    0.4296    0.2971    0.1001   0.07073   0.00626  0.009308
     16/49     2.97G   0.04891  0.006989  0.005515   0.06142        12       640    0.2716    0.2819    0.1993   0.06634   0.07112  0.006652   0.01011
     17/49     2.97G   0.04782   0.00697  0.005579   0.06037        18       640    0.4798    0.2757    0.2826    0.1086      0.07  0.006482  0.008361
     18/49     2.97G    0.0463  0.006986  0.006068   0.05936        10       640    0.3729    0.3383    0.2654   0.09488   0.06855  0.006616  0.008006
     19/49     2.97G   0.04597   0.00687  0.006059    0.0589        13       640    0.3724    0.4034    0.3349    0.1238   0.06681  0.006264  0.007582
     20/49     2.97G   0.04668  0.006804   0.00505   0.05853        15       640    0.4082    0.3044    0.2839    0.1093   0.07231  0.005928   0.00886
     21/49     2.97G   0.04461  0.006716  0.004854   0.05618        19       640    0.5513    0.2885    0.3319      0.13   0.07128  0.005995  0.007014
     22/49     2.97G   0.04549  0.006914   0.00453   0.05693        15       640    0.3855    0.3691    0.3106    0.1195   0.07119  0.006118  0.007651
     23/49     2.97G   0.04527  0.006869  0.004913   0.05706        11       640    0.4641    0.3432    0.3659    0.1461   0.06681  0.005994  0.008711
     24/49     2.97G   0.04553  0.006764  0.004562   0.05686        16       640    0.4001    0.3962    0.3526    0.1479   0.06864  0.005997  0.009485
     25/49     2.97G    0.0457  0.006873   0.00505   0.05762        13       640    0.3821    0.4512    0.3682    0.1457   0.06561  0.006103  0.008308
     26/49     2.97G   0.04487  0.006795  0.004636    0.0563        12       640    0.4583    0.3294    0.3198    0.1243   0.06602  0.006434  0.008208
     27/49     2.97G   0.04343  0.006921  0.004394   0.05475        19       640    0.4232    0.3734    0.3481    0.1366   0.06327  0.006193  0.008284
     28/49     2.97G   0.04467  0.006793  0.004529   0.05599        15       640    0.4127    0.4402    0.3671    0.1405   0.06528  0.006132  0.008829
     29/49     2.97G   0.04471  0.006771   0.00438   0.05586        26       640    0.4245    0.4368     0.398    0.1646   0.06385  0.006056  0.009387
     30/49     2.97G   0.04468  0.006866  0.004436   0.05598        14       640    0.4872    0.4031    0.3932    0.1611   0.06116  0.006123  0.009064
     31/49     2.97G   0.04256  0.006816  0.003661   0.05303        21       640    0.4872     0.371    0.3854    0.1648   0.06104   0.00599  0.009319
     32/49     2.97G   0.04342  0.006766  0.003945   0.05413        19       640    0.4681    0.4135     0.405    0.1691   0.05954  0.006209   0.00842
     33/49     2.97G   0.04362  0.006748  0.004298   0.05466        11       640    0.4806    0.3784    0.3832    0.1605   0.05919  0.006233  0.008226
     34/49     2.97G   0.04494  0.006969  0.003625   0.05553        25       640     0.461    0.4478    0.4215    0.1812    0.0593  0.006091  0.007466
     35/49     2.97G   0.04205  0.006845  0.004307    0.0532        19       640    0.4034    0.5136    0.4135    0.1749   0.05852  0.006127  0.007096
     36/49     2.97G   0.04215  0.006786  0.003319   0.05226        21       640    0.5458    0.3879     0.429    0.1857   0.05878   0.00604  0.007148
     37/49     2.97G    0.0419  0.006754  0.003381   0.05203        12       640    0.5482    0.4155    0.4286    0.1846   0.05885  0.006061  0.006927
     38/49     2.97G   0.04233  0.006751  0.003988   0.05307        18       640    0.4524    0.4179    0.4092    0.1802   0.05744  0.006154  0.006891
     39/49     2.97G   0.04183  0.006834  0.003402   0.05206        14       640    0.5246    0.4174    0.4431    0.1892   0.05599   0.00614  0.007184
     40/49     2.97G   0.04118  0.006796  0.003222    0.0512        15       640    0.4603      0.48    0.4616    0.2019   0.05641  0.006098  0.007078
     41/49     2.97G   0.04126  0.006845  0.003302    0.0514        21       640    0.5077    0.4718    0.4692    0.2096   0.05558  0.006053  0.007294
     42/49     2.97G   0.04247  0.006806  0.003127    0.0524        14       640    0.5391    0.4178    0.4476    0.1971   0.05538  0.006091  0.007645
     43/49     2.97G   0.04183   0.00665  0.003215    0.0517        16       640    0.4535    0.4978    0.4674    0.2095   0.05497  0.006087  0.007277
     44/49     2.97G   0.04063  0.006798  0.003931   0.05136        14       640    0.4938    0.4659    0.4638    0.2059    0.0551  0.006069   0.00701
     45/49     2.97G   0.04153  0.006643  0.003414   0.05159        19       640    0.5352    0.4388    0.4657    0.2117    0.0553   0.00603  0.006918
     46/49     2.97G   0.04014  0.006696  0.002879   0.04972        13       640    0.5362    0.4328    0.4584    0.2082   0.05502  0.006041  0.006857
     47/49     2.97G   0.04084  0.006823  0.003261   0.05092        19       640    0.4904    0.4569    0.4572     0.207   0.05516   0.00603  0.006991
     48/49     2.97G   0.03988  0.006734  0.002941   0.04956        13       640    0.4876    0.4654    0.4643    0.2116   0.05513  0.006026  0.007048
     49/49     2.97G   0.04086  0.006764  0.002848   0.05047        38       640    0.4867    0.4619    0.4583    0.2121   0.05484  0.006034  0.007049
